Milos Panic SW19/2018
100 90 100 100 97 99
100 97 98 100
99 100 97 86 97 90 98 97 100 100
Dejan Todorovic SW17/2018
100 94 96 97 99 99
94 100 98 100
100 100 97 90 87 85 98 90 100 100
Maja Majic SW01/2050
70 80 96 60 80 99
80 70 99 70
99 76 98 70 50 70 90 46 97 80
Mina Minic SW02/2050
98 80 96 91 97 99
100 97 64 100
85 60 98 70 64 98 92 72 98 97
Petar Petrovic SW10/2050
99 94 99 97 100 99
94 90 98 100
96 98 96 96 80 94 88 86 60 67
Luka Lukic SW20/2050
50 80 96 60 97 80
90 97 98 70
79 79 62 78 60 77 98 70 79 67
Mara Maric SW30/2050
100 80 96 100 97 99
95 97 98 100
82 67 98 72 82 78 81 90 98 67
Miki Mikic SW35/2050
89 86 92 94 95 85
100 97 98 100
83 96 81 82 100 95 85 81 92 89
Tina Tinic SW40/2050
97 80 100 100 97 99
99 97 99 100
94 92 94 95 96 96 96 95 96 93
Marko Markovic SW50/2050
45 60 80 70 60 79
100 97 98 100
68 69 59 56 60 45 63 70 69 52